COD B01
ACK MPCReport file updated 2018.09.12 14:00:18
NET UCAC-2
00002         C2010 06 04.93775 15 10 27.82 +26 21 01.5          10.2 C      B01
00002         C2010 06 04.94615 15 10 27.49 +26 21 00.2          10.2 C      B01
00002         C2010 06 04.97552 15 10 26.40 +26 20 56.6          10.1 C      B01
00002         C2010 06 05.94701 15 09 51.91 +26 18 58.3           9.9 C      B01
00002         C2010 06 05.95541 15 09 51.58 +26 18 57.8           9.8 C      B01
00002         C2010 06 05.96381 15 09 51.31 +26 18 55.8          10.0 C      B01
00002         C2010 06 06.93339 15 09 17.89 +26 16 39.5           9.9 C      B01
00002         C2011 01 01.00000 18 14 54.99 +03 22 18.8          10.3 C      B01
00002         C2011 05 23.95635 20 33 09.17 +17 51 59.9           8.3 C      B01
00002         C2011 05 23.99272 20 33 10.12 +17 51 59.0           8.2 C      B01
00002         C2011 05 24.92541 20 33 56.39 +16 57 56.8           9.4 C      B01
00002         C2011 05 24.94358 20 33 56.99 +16 57 56.1           9.4 C      B01
----- end -----
