0.0002674
0.0002269
0.0001646
9.15E-05
2.11E-05
-3.2E-05
-5.58E-05
-4.39E-05
1.6E-06
7.03E-05
0.0001459
0.0002108
0.000251
0.0002593
0.0002358
0.0001859
0.0001187
4.59E-05
-1.87E-05
-6.14E-05
-7.17E-05
-4.65E-05
8.3E-06
7.88E-05
0.0001479
0.0002002
0.0002248
0.0002178
0.0001814
0.0001228
5.24E-05
-1.75E-05
-7.37E-05
-0.0001036
-9.88E-05
-5.94E-05
4.6E-06
7.64E-05
0.0001388
0.0001783
0.0001876
0.000166
0.0001179
5.22E-05
-1.96E-05
-8.5E-05
-0.0001314
-0.0001477
-0.0001281
-7.56E-05
-3.8E-06
6.85E-05
0.0001241
0.0001518
0.0001475
0.0001131
5.54E-05
-1.54E-05
-8.71E-05
-0.0001469
-0.0001831
-0.0001868
-0.0001546
-9.25E-05
-1.62E-05
5.42E-05
0.0001021
0.0001185
0.0001021
5.73E-05
-7.5E-06
-8.1E-05
-0.0001505
-0.0002035
-0.0002293
-0.0002212
-0.000179
-0.0001112
-3.46E-05
3.09E-05
6.99E-05
7.57E-05
4.93E-05
-2.7E-06
-7.06E-05
-0.0001424
-0.0002055
-0.0002477
-0.0002599
-0.0002382
-0.0001856
-0.0001132
-3.83E-05
2.06E-05
5.05E-05
4.69E-05
1.31E-05
-4.28E-05
-0.00011
-0.0001762
-0.0002291
-0.0002574
-0.000254
-0.0002178
-0.0001557
-8.1E-05
-1.12E-05
3.77E-05
5.56E-05
4.09E-05
-1.1E-06
-6.09E-05
-0.0001268
-0.0001865
-0.0002281
-0.0002416
-0.0002222
-0.0001722
-0.000102
-2.75E-05
3.45E-05
7.07E-05
7.46E-05
4.74E-05
-3.5E-06
-6.73E-05
-0.0001316
-0.0001843
-0.0002141
-0.0002128
-0.0001776
-0.0001145
-3.75E-05
3.56E-05
8.86E-05
0.0001113
0.0001009
6.14E-05
2.1E-06
-6.51E-05
-0.0001275
-0.000173
-0.0001915
-0.0001763
-0.0001274
-5.36E-05
2.8E-05
9.8E-05
0.0001414
0.000151
0.0001274
7.73E-05
1.14E-05
-5.75E-05
-0.0001165
-0.0001542
-0.0001618
-0.0001348
-7.54E-05
5.2E-06
8.79E-05
0.0001525
0.0001856
0.0001829
0.0001481
9.03E-05
2.11E-05
-4.62E-05
-9.92E-05
-0.0001273
-0.0001235
-8.6E-05
-1.94E-05
6.31E-05
0.0001421
0.0001981
0.0002195
0.0002049
0.0001609
9.81E-05
2.92E-05
-3.31E-05
-7.69E-05
-9.31E-05

